0.098
0.09399999999999999
0.10400000000000001
0.094
0.092
0.096
0.10200000000000001
0.10600000000000001
0.096
0.096
0.07800000000000001
0.10400000000000001
0.098
0.096
0.1
0.098
0.098
0.098
0.10200000000000001
0.096
0.10400000000000001
0.1
0.09599999999999999
0.1
0.094
0.1
0.09200000000000001
0.08600000000000001
0.1
0.09200000000000001
0.10200000000000001
0.1
0.10800000000000001
0.108
0.10999999999999999
0.1
0.106
0.09
0.096
0.09399999999999999
0.08199999999999999
0.08399999999999999
0.094
0.088
0.1
0.092
0.102
0.1
0.094
0.086
0.098
0.10600000000000001
0.09199999999999998
0.098
0.10400000000000001
0.09000000000000001
0.084
0.078
0.10200000000000001
0.098
0.08800000000000002
0.096
0.092
0.09999999999999999
0.104
0.098
0.092
0.09
0.08800000000000001
0.10200000000000001
0.084
0.088
0.08800000000000001
0.082
0.09200000000000001
0.1
0.1
0.08600000000000001
0.084
0.092
0.082
0.09000000000000001
0.092
0.08000000000000006
0.094
0.09599999999999995
0.09
0.082
0.096
0.09200000000000001
0.086
0.08200000000000002
0.08600000000000001
0.10400000000000001
0.094
0.098
0.09000000000000001
0.092
0.082
0.07999999999999999
0.096
0.098
0.09
0.09
0.06199999999999999
0.08000000000000003
0.096
0.076
0.08800000000000001
0.092
0.092
0.08600000000000001
0.08600000000000003
0.084
0.08000000000000002
0.09000000000000001
0.09000000000000001
0.09
0.09400000000000001
0.094
0.08600000000000002
0.08
0.094
0.086
0.086
0.08799999999999325
0.08399999999999999
0.082
0.08400000000000002
0.07800000000000001
0.07400000000000001
0.08399999999999999
0.07600000000000001
0.086
0.086
0.096
0.084
0.094
0.09200000000000001
0.0859999999999987
0.08600000000000001
0.084
0.07200000000000001
0.0899999999999994
0.084
0.07400000000000001
0.09
0.088
0.082
0.09399999999999943
0.07999999999999999
0.08999999999999998
0.08000000000000002
0.08800000000000002
0.08600000000000001
0.092
0.08200000000000002
0.08199999999999999
0.07600000000000001
0.088
0.08800000000000002
0.09400000000000001
0.08800000000000001
0.092
0.08400000000000002
0.08600000000000001
0.08600000000000001
0.08399999999999999
0.088
0.088
0.09000000000000001
0.088
0.094
0.096
0.088
0.08399999999999999
0.08600000000000001
0.08600000000000001
0.08
0.08600000000000001
0.08199999999999999
0.08399999999999999
0.07800000000000001
0.08800000000000001
0.08
0.08800000000000001
0.086
0.08000000000000002
0.07799995804188761
0.08600000000000001
0.08399999999999999
0.076
0.086
0.084
0.08600000000000001
0.08200000000000002
0.07200000000000001
0.08
0.08000000000000002
0.08000000000000002
0.066
0.07200000000000001
0.08999999999999997
0.08
0.082
0.08600000000000002
0.064
0.06600000000000002
0.07800000000000001
0.088
0.09
0.086
0.06
0.084
0.084
0.08600000000000001
0.07999999999999999
0.08200000000000002
0.07400000000000001
0.084
0.086
0.08399999999999998
0.07200000000000005
0.082
0.088
0.08800000000000002
0.08199999999999909
0.088
0.086
0.07800000000000001
0.08000000000000002
0.07600000000000001
0.08599999999999998
0.088
0.088
0.0900000000000003
0.07200000000000001
0.07400000000000001
0.08600000000000001
0.07199999999999941
0.082
0.0839999999999995
0.08800000000000001
0.08199999999999988
0.072
0.08800000000000001
0.08200000000000002
0.078
0.08800000000000001
0.08200000000000002
0.07400000000000001
0.09400000000000003
0.07999999999999999
0.086
0.08
0.07999268679017103
0.07
0.09
0.07399999986241138
0.08800000000000001
0.08000000000000002
0.09200000000000001
0.08600000000000003
0.08600000000000005
0.066
0.076
0.07599970656540116
0.072
0.08999999999999998
0.078
0.07400000000000001
0.07200000000000001
0.07
0.078
0.084
0.076
0.078
0.07600000000000001
0.078
0.07600000000000003
0.08
0.084
0.07999999999999997
0.09
0.078
0.07200000000000001
0.064
0.082
0.08000000000000003
0.07200000000000001
0.08600000000000002
0.062
0.08200000000000005
0.08
0.07
0.068
0.082
0.088
0.08000000000000003
0.08600000000000001
0.092
0.086
0.08600000000000001
0.07200000000000001
0.082
0.07800000000000001
0.08000000000000002
0.07
0.08399999999999995
0.07200000000000001
0.07
0.08199999999999992
0.07800000000000012
0.068
0.07999999999999999
0.07800000000000001
0.07200000000000001
0.08000000000000002
0.07999999999999999
0.08200000000000002
0.082
0.07200000000000005
0.07399999999882062
0.082
0.078
0.07400000000000001
0.078
0.078
0.07400000000000001
0.08201135273638784
0.07599961070994972
0.0740000054141069
0.07400000000000001
0.07800000000000001
0.07603855935420678
0.076
0.07400000000000001
0.0900000000000003
0.068
0.064
0.08200000000119845
0.07600000000000001
0.08
0.055999999999999536
0.06999999975723221
0.072
0.084
0.08000000000000002
0.07800000000000003
0.082
0.074
0.066
0.08400000000000288
0.07199990902034123
0.0780000002995995
0.06799999999999991
0.07200000000000001
0.082
0.07800000000000001
0.07
0.076
0.078
0.08199999999646322
0.06799984590757058
0.07
0.07800000000000001
0.08400000000024163
0.07799999886635951
0.082
0.0760000000036858
0.07800000000000001
0.07599868573168968
0.0779724880659545
0.084
0.07600000000000001
0.07200000000000001
0.08200000000000002
0.07400000000000001
0.07399999998264913
0.07400000000000005
0.0799999933586092
0.07599999976662329
0.07799999998706382
0.07400000000597749
0.07799999999999575
0.07799999966725009
0.07600000000000001
0.07976557488616348
0.08045597696641853
0.07999999680060765
0.07402750488281555
0.07400000004407702
0.07000065981917312
0.08199999978487743
0.08000002354726239
0.07599999996884302
0.07600007250175224
0.08400000000130303
0.08399999987445574
0.07200000121908029
0.066
0.07400508063954055
0.07999999999603756
0.07600000000000001
0.07000264486053134
0.07600001138091962
0.06600000386688516
0.08000000000118318
0.059999999999264475
0.08199990367932077
0.07199999808633456
0.07
0.07599999966298153
0.05200000000000001
0.064
0.07999999999999997
0.08000000215439514
0.07400000000000001
0.078
0.06799999992697899
0.07000000003679385
0.07399999995911959
0.07399999647695578
0.084
0.07600000000000001
0.06600000001157973
0.0680013132744174
0.07399999997816566
0.08000000000000002
0.08599999833329049
0.07400000563636444
0.07400000001743332
0.05600000000000001
0.07400001556512179
0.07
0.07400118269936913
0.06599553864260861
0.07800000000000001
0.0699999986449737
0.07400000170849881
0.07200000029358763
0.08200025220589938
0.07400125602521754
0.0740000044747274
0.07199999059424615
0.07200342357608945
0.07400000000000001
0.08001132583521325
0.07999985439872542
0.08378771552587852
0.06810935412197179
0.07799999732036818
0.08199999896074488
0.07399999208737183
0.06399999998678974
0.06400001268953141
0.07569358302535141
0.0760202938977099
0.0779999994859754
0.06600000002375968
0.07999997918356637
0.07600000000000001
0.07999897859015288
0.07396215223177194
0.07400127226699535
0.06399998694659234
0.07599999312212576
0.07800001250290284
0.07200000006174527
0.07599999938255256
0.07200068788443886
0.06399999673548312
0.07
0.07799999950840604
0.07600000261361252
0.062000000100670256
0.08200000000000002
0.0779999999942758
0.07800000154550421
0.07445531468404055
0.07200007377624751
0.0799999893180722
0.0801847087251679
0.07800438334056191
0.06400019054339147
0.06400000547599338
0.06999999983400809
0.07397644125038366
0.07766514853550821
0.08000133957097337
0.08000000049066114
0.07000002444167804
0.07000000824120321
0.08398388830619312
0.07599989616141838
0.06599999807247922
0.07200000000000001
0.0760000018889045
0.07160808511621991
0.07599954823307507
0.07199999468696239
0.06000000332422353
0.07200370346528011
0.06400253633428539
0.07200000273669531
0.08199998758387665
0.07000030541126073
0.07400000000000007
0.07200017199151544
0.075790177969971
0.07795398688182546
0.06999999998801397
0.07399995892120352
0.07399991767860442
0.07000002145220711
0.06400131399352481
0.07399862601153745
0.07399998140732356
0.07199965717872936
0.06600001687013507
0.07199924523344768
0.07400002468782921
0.07400220283067933
0.06033330470803991
0.07599967442754875
0.07399999956604147
0.0779822951762663
0.07399993374626897
0.07400377838840706
0.07800005728582919
0.07594580446269279
0.06600000003211656
0.061993640773367574
0.06399995802858618
0.08200031371602487
0.07568662870148281
0.07000000469216555
0.07200020826514708
0.061999855962028096
0.07598196838534396
0.08000000738398018
0.0740000044444854
0.05598017492960073
0.06600000084897055
0.06600000336621728
0.06799989202904465
0.057999876915584794
0.07197789150779575
0.08000003657118407
0.06600230857284672
0.06999975852786684
0.0779994538146956
0.0799999106428529
0.07224460240626489
0.07599998109940462
0.07803473552452053
0.06199937214914599
0.07599982665180086
0.08200015762978058
0.07200408461453753
0.06798544751489512
0.066
0.06199814915860114
0.0700000002117306
0.07599921750410887
0.0779494548786939
0.06199435529486243
0.07630090696694851
0.06400000612781165
0.0800004529177705
0.06999242979774187
0.07415353391652767
0.06999922224624704
0.07199238839982476
0.06600001724409184
0.06392423444246144
0.07200000000000001
0.06600540262571766
0.07191593920129727
0.07799972800503711
0.07999982299729823
0.07742322074737201
0.06599996484777061
0.07199998026146545
0.07600121941014702
0.07414485361575356
0.056018835624555924
0.08000074528326595
0.07599928994641854
0.08000029569952909
0.07199952349663367
0.07200143679911568
0.0700002180397589
0.06800036987577948
0.07000312514393364
0.07400000425293457
0.07400001321840737
0.06200134856328076
0.06974790917859539
0.0640024266597156