0.09730000000000003
0.09890000000000002
0.09360000000000003
0.09230000000000002
0.08940000000000002
0.08770000000000003
0.08529999999999963
0.08439999999999996
0.08780000000000003
0.0819999979020944
0.07910000000000003
0.08229999999999996
0.08209963433262912
0.07819998532827008
0.07830000000000004
0.07860000000000003
0.07620247641067363
0.0751999954539187
0.07699855092773071
0.07761249015411745
0.07220038221271866
0.07309990254923462
0.07448135272645796
0.07422091886774183
0.07407118656610702
0.07148751819435877
0.07199644495346566
0.07161210398152904
0.07031054432271848
0.07166723018308656
